211645701630323942588290423553210756320877135876

2

211645701630323942588290423553210756320977558808

4

211645701630323942588290423553210756336400351156

6

211645701630323942588290423553210756924585502680

8

211645701630323942588290423553210766920641705348

10

211645701630323942588290423553210867636056900536

12

211645701630323942588290423553211573083713727348

14

211645701630323942588290423553215358427263043256

16

211645701630323942588290423553231934628191437700

18

211645701630323942588290423553293797276030736088

20

211645701630323942588290423553496738274574262196

22

211645701630323942588290423554095448270608484888

24

211645701630323942588290423555711581797189796356

26

211645701630323942588290423559757098995307660920

28

211645701630323942588290423553210756320877217450

2

211645701630323942588290423553210756321600017340

4

211645701630323942588290423553210756452139862846

6

211645701630323942588290423553210761677344134464

8

211645701630323942588290423553210852065501014098

10

211645701630323942588290423553211769312257704580

12

211645701630323942588290423553218212819110297190

14

211645701630323942588290423553252823937000240136

16

211645701630323942588290423553404412183215265274

18

211645701630323942588290423553969993085258086988

20

211645701630323942588290423555824523486488756110

22

211645701630323942588290423561292669723271986640

24

211645701630323942588290423576044557030885585826

26

211645701630323942588290423612950134411366686484

28

211645701630323942588290423553210756320877164218

2

211645701630323942588290423553210756321188711748

4

211645701630323942588290423553210756376502930758

6

211645701630323942588290423553210758596570247536

8

211645701630323942588290423553210797191847432178

10

211645701630323942588290423553211190664989040508

12

211645701630323942588290423553213965532651600958

14

211645701630323942588290423553228918781676573928

16

211645701630323942588290423553294585837487859626

18

211645701630323942588290423553540141520247191348

20

211645701630323942588290423554346843042409193398

22

211645701630323942588290423556729290985053107168

24

211645701630323942588290423563165633802901948898

26

211645701630323942588290423579287436546490359916

28

211645701630323942588290423553210756320877221154

2

211645701630323942588290423553210756321574992268

4

211645701630323942588290423553210756444184212886

6

211645701630323942588290423553210761282828706720

8

211645701630323942588290423553210844272184261258

10

211645701630323942588290423553211681682284762804

12

211645701630323942588290423553217540813529788158

14

211645701630323942588290423553248919350078203336

16

211645701630323942588290423553386034354261272050

18

211645701630323942588290423553896683297329183708

20

211645701630323942588290423555568614809450404454

22

211645701630323942588290423560492320517016075248

24

211645701630323942588290423573761726868652592986

26

211645701630323942588290423606929309597908869380

28

211645701630323942588290423553210756320877185920

2

211645701630323942588290423553210756321302225032

4

211645701630323942588290423553210756392137202512

6

211645701630323942588290423553210759104121005464

8

211645701630323942588290423553210804699495804448

10

211645701630323942588290423553211258328868424360

12

211645701630323942588290423553214399079059593712

14

211645701630323942588290423553231083568275029432

16

211645701630323942588290423553303522283782833344

18

211645701630323942588290423553571894652289932488

20

211645701630323942588290423554446785438665286800

22

211645701630323942588290423557013903122401899992

24

211645701630323942588290423563910843369686925152

26

211645701630323942588290423581103988949269038824

28

211645701630323942588290423553210756320877190652

2

211645701630323942588290423553210756321443022888

4

211645701630323942588290423553210756423977174620

6

211645701630323942588290423553210760528654328312

8

211645701630323942588290423553210831487181322588

10

211645701630323942588290423553211551000590665192

12

211645701630323942588290423553216601707369779708

14

211645701630323942588290423553243713507679166200

16

211645701630323942588290423553362388146413042492

18

211645701630323942588290423553804945709939836968

20

211645701630323942588290423555255452825759330332

22

211645701630323942588290423559530694710596062328

24

211645701630323942588290423571060521768436218780

26

211645701630323942588290423599896762899981412072

28

211645701630323942588290423553210756320877180588

2

211645701630323942588290423553210756321265357056

4

211645701630323942588290423553210756386844670132

6

211645701630323942588290423553210758928375078792

8

211645701630323942588290423553210802061954199228

10

211645701630323942588290423553211234317180594448

12

211645701630323942588290423553214244086409323716

14

211645701630323942588290423553230305270242592152

16

211645701630323942588290423553300295025821163212

18

211645701630323942588290423553560386026254607648

20

211645701630323942588290423554410454113088362708

22

211645701630323942588290423556910180942227083176

24

211645701630323942588290423563638684951203006172

26

211645701630323942588290423580439346152986518832

28

211645701630323942588290423553210756320877224272

2

211645701630323942588290423553210756321588090976

4

211645701630323942588290423553210756445921849912

6

211645701630323942588290423553210761339550751720

8

211645701630323942588290423553210845120895597568

10

211645701630323942588290423553211689415616870032

12

211645701630323942588290423553217590830033039656

14

211645701630323942588290423553249171058535804632

16

211645701630323942588290423553387080275289562160

18

211645701630323942588290423553900420322683396928

20

211645701630323942588290423555580432635752144792

22

211645701630323942588290423560526111616050481736

24

211645701630323942588290423573850515052720797152

26

211645701630323942588290423607146410372936217200

28

160590837789345135158912602686688002979560762815

2

160590837789345135158912602686688002980243933001

4

160590837789345135158912602686688003110814498051

6

160590837789345135158912602686688008488138572397

8

160590837789345135158912602686688103079625713927

10

160590837789345135158912602686689073520698555985

12

160590837789345135158912602686695942937865874891

14

160590837789345135158912602686733049560328582901

16

160590837789345135158912602686896266749859170127

18

160590837789345135158912602687507300267561371737

20

160590837789345135158912602689516354685922865555

22

160590837789345135158912602695453483441194118781

24

160590837789345135158912602711500856560233113751

26

160590837789345135158912602751711888843369596257

28

160590837789345135158912602686688002979560778901

2

160590837789345135158912602686688002980113900517

4

160590837789345135158912602686688003070681435893

6

160590837789345135158912602686688006508625499877

8

160590837789345135158912602686688064045010428117

10

160590837789345135158912602686688634935870835941

12

160590837789345135158912602686692580833432127797

14

160590837789345135158912602686713518608404568293

16

160590837789345135158912602686804351263252590357

18

160590837789345135158912602687140675087680044517

20

160590837789345135158912602688236612104722372981

22

160590837789345135158912602691451259047428034277

24

160590837789345135158912602700085635377460055893

26

160590837789345135158912602721605509480138116837

28

160590837789345135158912602686688002979560736679

2

160590837789345135158912602686688002979857151193

4

160590837789345135158912602686688003025173796827

6

160590837789345135158912602686688004674166302349

8

160590837789345135158912602686688031481168037967

10

160590837789345135158912602686688291893671939329

12

160590837789345135158912602686690063080362127363

14

160590837789345135158912602686699343435489269557

16

160590837789345135158912602686739196598481796599

18

160590837789345135158912602686885533232819403817

20

160590837789345135158912602687359067496211732779

22

160590837789345135158912602688739866433774951133

24

160590837789345135158912602692429839984324477087

26

160590837789345135158912602701586120556631546449

28

160590837789345135158912602686688002979560721549

2

160590837789345135158912602686688002979824253421

4

160590837789345135158912602686688003025200573093

6

160590837789345135158912602686688004811973226197

8

160590837789345135158912602686688035483961602077

10

160590837789345135158912602686688345404868549789

12

160590837789345135158912602686690516690612951541

14

160590837789345135158912602686702158382612813893

16

160590837789345135158912602686753079147597618477

18

160590837789345135158912602686942878716549996237

20

160590837789345135158912602687564751048240236229

22

160590837789345135158912602689397240388929303861

24

160590837789345135158912602694338434981379496893

26

160590837789345135158912602706694953356411717757

28

160590837789345135158912602686688002979560724969

2

160590837789345135158912602686688002979922846613

4

160590837789345135158912602686688003047550679065

6

160590837789345135158912602686688005805667341477

8

160590837789345135158912602686688054057445767017

10

160590837789345135158912602686688547334969171349

12

160590837789345135158912602686692030429434728793

14

160590837789345135158912602686710810666877437925

16

160590837789345135158912602686793301110269513577

18

160590837789345135158912602687101774458890276117

20

160590837789345135158912602688115103101420456729

22

160590837789345135158912602691107428253784708773

24

160590837789345135158912602699190224214666423785

26

160590837789345135158912602719432928916163411477

28

160590837789345135158912602686688002979560741797

2

160590837789345135158912602686688002979922071037

4

160590837789345135158912602686688003041581565133

6

160590837789345135158912602686688005456971626229

8

160590837789345135158912602686688046789655308117

10

160590837789345135158912602686688463572849577677

12

160590837789345135158912602686691379367486240317

14

160590837789345135158912602686706996633103227013

16

160590837789345135158912602686775252905961153669

18

160590837789345135158912602687029512111356524317

20

160590837789345135158912602687862176141950739757

22

160590837789345135158912602690314829637709294997

24

160590837789345135158912602696926059793358007093

26

160590837789345135158912602713454225906788572909

28

160590837789345135158912602686688002979560778483

2

160590837789345135158912602686688002980281217041

4

160590837789345135158912602686688003111293454591

6

160590837789345135158912602686688008363741092221

8

160590837789345135158912602686688099242570729547

10

160590837789345135158912602686689021287181564713

12

160590837789345135158912602686695496466805843671

14

160590837789345135158912602686730266188059636501

16

160590837789345135158912602686882501118507627171

18

160590837789345135158912602687450331300169658177

20

160590837789345135158912602689311754476804852143

22

160590837789345135158912602694798950279107177901

24

160590837789345135158912602709599153220092156411

26

160590837789345135158912602746618704511557368921

28

160590837789345135158912602686688002979560727805

2

160590837789345135158912602686688002979799476821

4

160590837789345135158912602686688003013742836989

6

160590837789345135158912602686688004181259727237

8

160590837789345135158912602686688022350626543357

10

160590837789345135158912602686688192884648627445

12

160590837789345135158912602686689321128456002941

14

160590837789345135158912602686695100371771009829

16

160590837789345135158912602686719455339418878717

18

160590837789345135158912602686807473323587445397

20

160590837789345135158912602687088447499821695485

22

160590837789345135158912602687898184441340408261

24

160590837789345135158912602690040017803954543869

26

160590837789345135158912602695307036555159961397

28

160590837789345135158912602686688002979560720475

2

160590837789345135158912602686688002979837066897

4

160590837789345135158912602686688003027149698935

6

160590837789345135158912602686688004876613911677

8

160590837789345135158912602686688036445674316947

10

160590837789345135158912602686688354082450868265

12

160590837789345135158912602686690572264979657007

14

160590837789345135158912602686702435586124072725

16

160590837789345135158912602686754222066647463627

18

160590837789345135158912602686946934718652675777

20

160590837789345135158912602687577502095203239655

22

160590837789345135158912602689433512148253164717

24

160590837789345135158912602694433309644560083715

26

160590837789345135158912602706926007124374885977

28

160590837789345135158912602686688002979560800125

2

160590837789345135158912602686688002980334057725

4

160590837789345135158912602686688003116533733349

6

160590837789345135158912602686688008504161610037

8

160590837789345135158912602686688101070928739437

10

160590837789345135158912602686689036325140956045

12

160590837789345135158912602686695586394631582485

14

160590837789345135158912602686730691601858753029

16

160590837789345135158912602686884182536692869597

18

160590837789345135158912602687456095736553817757

20

160590837789345135158912602689329362129016698565

22

160590837789345135158912602694847830900745173845

24

160590837789345135158912602709724361590407157709

26

160590837789345135158912602746918146299920691757

28

160590837789345135158912602686688002979560730329

2

160590837789345135158912602686688002979930657733

4

160590837789345135158912602686688003047552622297

6

160590837789345135158912602686688005788808332613

8

160590837789345135158912602686688053661955955257

10

160590837789345135158912602686688542910924301029

12

160590837789345135158912602686691998211592433273

14

160590837789345135158912602686710635479733127717

16

160590837789345135158912602686792532413550487833

18

160590837789345135158912602687098914812208420997

20

160590837789345135158912602688105774260361336729

22

160590837789345135158912602691080087641887681413

24

160590837789345135158912602699116930308613506937

26

160590837789345135158912602719250713137192050853

28

160590837789345135158912602686688002979560796561

2

160590837789345135158912602686688002980304644077

4

160590837789345135158912602686688003109031009097

6

160590837789345135158912602686688008139006138357

8

160590837789345135158912602686688093830231068737

10

160590837789345135158912602686688954342687667581

12

160590837789345135158912602686694953489229601017

14

160590837789345135158912602686726992788945233157

16

160590837789345135158912602686866687082057006577

18

160590837789345135158912602687386012741491890957

20

160590837789345135158912602689083841160334092201

22

160590837789345135158912602694077604317603265557

24

160590837789345135158912602707521585427464224417

26

160590837789345135158912602741094908422655933597

28

160590837789345135158912602686688002979560730005

2

160590837789345135158912602686688002979790408453

4

160590837789345135158912602686688003011528761557

6

160590837789345135158912602686688004094653380389

8

160590837789345135158912602686688020943615746197

10

160590837789345135158912602686688179464882077765

12

160590837789345135158912602686689231816544203733

14

160590837789345135158912602686694642107073648997

16

160590837789345135158912602686717524399259511189

18

160590837789345135158912602686800501674281868677

20

160590837789345135158912602687066221122227853525

22

160590837789345135158912602687834219891773231013

24

160590837789345135158912602689871060412074713237

26

160590837789345135158912602694892103407192955589

28

160590837789345135158912602686688002979560780775

2

160590837789345135158912602686688002980249590841

4

160590837789345135158912602686688003105584979531

6

160590837789345135158912602686688008159147123469

8

160590837789345135158912602686688096056290896367

10

160590837789345135158912602686688991648185869025

12

160590837789345135158912602686695302455363104851

14

160590837789345135158912602686729282387690832181

16

160590837789345135158912602686878392272350065399

18

160590837789345135158912602687435597913967553417

20

160590837789345135158912602689265040242124118875

22

160590837789345135158912602694665115988192794461

24

160590837789345135158912602709246962424246565631

26

160590837789345135158912602745756516931452961329

28

160590837789345135158912602686688002979560772599

2

160590837789345135158912602686688002980247349897

4

160590837789345135158912602686688003106787332827

6

160590837789345135158912602686688008221321509677

8

160590837789345135158912602686688097175481270207

10

160590837789345135158912602686689002912811448529

12

160590837789345135158912602686695379957797802147

14

160590837789345135158912602686729689146599143797

16

160590837789345135158912602686880134483432332167

18

160590837789345135158912602687441966731899900697

20

160590837789345135158912602689285543402527217259

22

160590837789345135158912602694724585933325835197

24

160590837789345135158912602709405064551543199567

26

160590837789345135158912602746146894433679714657

28

160590837789345135158912602686688002979560711055

2

160590837789345135158912602686688002979754372209

4

160590837789345135158912602686688003011391585099

6

160590837789345135158912602686688004229717744349

8

160590837789345135158912602686688024921871290087

10

160590837789345135158912602686688232828457572905

12

160590837789345135158912602686689684751952768099

14

160590837789345135158912602686697454532011096149

16

160590837789345135158912602686731398868363211199

18

160590837789345135158912602686857824241020220257

20

160590837789345135158912602687271845782693039355

22

160590837789345135158912602688491454363540371789

24

160590837789345135158912602691779346940045310999

26

160590837789345135158912602700000292757161191449

28

