211645701630323942588290423553210756320880353245

3

211645701630323942588290423553210756322450701153

5

211645701630323942588290423553210756430604079581

7

211645701630323942588290423553210759054848585953

9

211645701630323942588290423553210792526431427581

11

211645701630323942588290423553211069499060649665

13

211645701630323942588290423553212751319583778493

15

211645701630323942588290423553220851521024378241

17

211645701630323942588290423553253449963869518493

19

211645701630323942588290423553367137629500171681

21

211645701630323942588290423553719946349811040285

23

211645701630323942588290423554713687114142793633

25

211645701630323942588290423557293030468690771901

27

211645701630323942588290423563536308119790892033

29

211645701630323942588290423553210756320895709834

3

211645701630323942588290423553210756333475379728

5

211645701630323942588290423553210757277253976590

7

211645701630323942588290423553210780845251455940

9

211645701630323942588290423553211084829123374066

11

211645701630323942588290423553213611831274505944

13

211645701630323942588290423553228983832607934518

15

211645701630323942588290423553303059118721177420

17

211645701630323942588290423553601141097313552090

19

211645701630323942588290423554640308928067617056

21

211645701630323942588290423557863499756604223454

23

211645701630323942588290423566936911576824807508

25

211645701630323942588290423590473995082207011650

27

211645701630323942588290423647412636117356996840

29

211645701630323942588290423553210756320885521441

3

211645701630323942588290423553210756326232736993

5

211645701630323942588290423553210756726407849913

7

211645701630323942588290423553210766764604901353

9

211645701630323942588290423553210896875489234993

11

211645701630323942588290423553211983099564585681

13

211645701630323942588290423553218614167797816713

15

211645701630323942588290423553250662155680057753

17

211645701630323942588290423553379940349188837313

19

211645701630323942588290423553831556426950453313

21

211645701630323942588290423555234791545932988121

23

211645701630323942588290423559190906052352901833

25

211645701630323942588290423569466763635385834193

27

211645701630323942588290423594353549188727252273

29

211645701630323942588290423553210756320895525430

3

211645701630323942588290423553210756332843623758

5

211645701630323942588290423553210757212147485854

7

211645701630323942588290423553210778933199104438

9

211645701630323942588290423553211057172059234086

11

211645701630323942588290423553213359239959472510

13

211645701630323942588290423553227314882202414158

15

211645701630323942588290423553294389964650857254

17

211645701630323942588290423553563752826596054678

19

211645701630323942588290423554501262920821699886

21

211645701630323942588290423557405234000637374590

23

211645701630323942588290423565570856481289371158

25

211645701630323942588290423586732929290656619654

27

211645701630323942588290423637884413315367681118

29

211645701630323942588290423553210756320888881249

3

211645701630323942588290423553210756327946079053

5

211645701630323942588290423553210756827432055265

7

211645701630323942588290423553210768869694476797

9

211645701630323942588290423553210920576834186497

11

211645701630323942588290423553212160637309338829

13

211645701630323942588290423553219609380865254593

15

211645701630323942588290423553255153529723158205

17

211645701630323942588290423553397069847008543777

19

211645701630323942588290423553888666627284378317

21

211645701630323942588290423555405382062649151009

23

211645701630323942588290423559655909527238491133

25

211645701630323942588290423570639915147961630145

27

211645701630323942588290423597123454999070465357

29

211645701630323942588290423553210756320891590747

3

211645701630323942588290423553210756330763108223

5

211645701630323942588290423553210757072238713347

7

211645701630323942588290423553210775580843268823

9

211645701630323942588290423553211014127738413035

11

211645701630323942588290423553212995622454503727

13

211645701630323942588290423553225040766099290003

15

211645701630323942588290423553283048578707399687

17

211645701630323942588290423553516349043634962043

19

211645701630323942588290423554329297338894779615

21

211645701630323942588290423556849796387872195107

23

211645701630323942588290423563942572117772444983

25

211645701630323942588290423582335956578307055627

27

211645701630323942588290423626819044526817042063

29

211645701630323942588290423553210756320887837657

3

211645701630323942588290423553210756327375825993

5

211645701630323942588290423553210756792796138593

7

211645701630323942588290423553210768134957864161

9

211645701630323942588290423553210912204733387017

11

211645701630323942588290423553212097385101805977

13

211645701630323942588290423553219252522417116113

15

211645701630323942588290423553253534954119255153

17

211645701630323942588290423553390872057610497721

19

211645701630323942588290423553867935285731186537

21

211645701630323942588290423555343287658047554497

23

211645701630323942588290423559486259142267464833

25

211645701630323942588290423570211060362765819113

27

211645701630323942588290423596109160977252337081

29

211645701630323942588290423553210756320895946975

3

211645701630323942588290423553210756333035525713

5

211645701630323942588290423553210757223387377027

7

211645701630323942588290423553210779169784615141

9

211645701630323942588290423553211059866591651047

11

211645701630323942588290423553213379630221615865

13

211645701630323942588290423553227430167187523723

15

211645701630323942588290423553294913986861249037

17

211645701630323942588290423553565763451683916271

19

211645701630323942588290423554508000706700096417

21

211645701630323942588290423557425448149859998355

23

211645701630323942588290423565626165417111194933

25

211645701630323942588290423586872926976313773047

27

211645701630323942588290423638215914952979657801

29

160590837789345135158912602686688002979577354182

3

160590837789345135158912602686688002991875668972

5

160590837789345135158912602686688003951402124850

7

160590837789345135158912602686688028433505600696

9

160590837789345135158912602686688348463824253726

11

160590837789345135158912602686691033077798766212

13

160590837789345135158912602686707470505613708682

15

160590837789345135158912602686787068092296688720

17

160590837789345135158912602687108591226255572086

19

160590837789345135158912602688232884829917346076

21

160590837789345135158912602691728757470223228642

23

160590837789345135158912602701590060665109231592

25

160590837789345135158912602727215483850615638990

27

160590837789345135158912602789298221652182551476

29

160590837789345135158912602686688002979576219387

3

160590837789345135158912602686688002988664269517

5

160590837789345135158912602686688003624116021671

7

160590837789345135158912602686688018850050133257

9

160590837789345135158912602686688209998888691443

11

160590837789345135158912602686689769141282374117

13

160590837789345135158912602686699121579002246367

15

160590837789345135158912602686743707529735428961

17

160590837789345135158912602686921604420438913387

19

160590837789345135158912602687537530128359117693

21

160590837789345135158912602689437117024215261847

23

160590837789345135158912602694759063797258357817

25

160590837789345135158912602708508590353221105251

27

160590837789345135158912602741653898328681549717

29

160590837789345135158912602686688002979569485449

3

160590837789345135158912602686688002984252976367

5

160590837789345135158912602686688003294881348029

7

160590837789345135158912602686688010483775125203

9

160590837789345135158912602686688098536670499217

11

160590837789345135158912602686688803677027069399

13

160590837789345135158912602686692973758976634117

15

160590837789345135158912602686712630518792419579

17

160590837789345135158912602686790343154417787673

19

160590837789345135158912602687057363265961174847

21

160590837789345135158912602687875620430846943949

23

160590837789345135158912602690155567434426716067

25

160590837789345135158912602696018174666669232929

27

160590837789345135158912602710092804967624552743

29

160590837789345135158912602686688002979567938307

3

160590837789345135158912602686688002984013899397

5

160590837789345135158912602686688003308831788519

7

160590837789345135158912602686688011332137045081

9

160590837789345135158912602686688114235444248843

11

160590837789345135158912602686688966793758817837

13

160590837789345135158912602686694141586089626607

15

160590837789345135158912602686719039704884340609

17

160590837789345135158912602686819117181723244051

19

160590837789345135158912602687167702984306369493

21

160590837789345135158912602688248174290104133367

23

160590837789345135158912602691288066818761154217

25

160590837789345135158912602699170184310625551899

27

160590837789345135158912602718230587486950372221

29

160590837789345135158912602686688002979569795727

3

160590837789345135158912602686688002985994203117

5

160590837789345135158912602686688003480160176659

7

160590837789345135158912602686688015998824198353

9

160590837789345135158912602686688178931496981495

11

160590837789345135158912602686689541699470830677

13

160590837789345135158912602686697868028820270267

15

160590837789345135158912602686738123493235223289

17

160590837789345135158912602686900526531302441183

19

160590837789345135158912602687467843332272268605

21

160590837789345135158912602689230402661707955427

23

160590837789345135158912602694198883766771622817

25

160590837789345135158912602707102370341877230919

27

160590837789345135158912602738348011970775899813

29

160590837789345135158912602686688002979570688809

3

160590837789345135158912602686688002985635671417

5

160590837789345135158912602686688003425718138337

7

160590837789345135158912602686688014252767609377

9

160590837789345135158912602686688152766013287673

11

160590837789345135158912602686689298404581463849

13

160590837789345135158912602686696243699664354417

15

160590837789345135158912602686729630411294364817

17

160590837789345135158912602686863734835767158857

19

160590837789345135158912602687330586673743512153

21

160590837789345135158912602688776994276822082689

23

160590837789345135158912602692844962569220466817

25

160590837789345135158912602703389556184570377497

27

160590837789345135158912602728881718050918313737

29

160590837789345135158912602686688002979579026046

3

160590837789345135158912602686688002992176075882

5

160590837789345135158912602686688003940398585198

7

160590837789345135158912602686688027635823888906

9

160590837789345135158912602686688333247665242046

11

160590837789345135158912602686690873084916110346

13

160590837789345135158912602686706318075243358062

15

160590837789345135158912602686780720862201500778

17

160590837789345135158912602687080030302810729086

19

160590837789345135158912602688123191946170641706

21

160590837789345135158912602691357976548977694446

23

160590837789345135158912602700462025656418541642

25

160590837789345135158912602724073938715563002558

27

160590837789345135158912602781183509380671057866

29

160590837789345135158912602686688002979568072572

3

160590837789345135158912602686688002983197961462

5

160590837789345135158912602686688003208993899200

7

160590837789345135158912602686688008182305338106

9

160590837789345135158912602686688066787895954884

11

160590837789345135158912602686688521887485104702

13

160590837789345135158912602686691146904207823752

15

160590837789345135158912602686703268157727140290

17

160590837789345135158912602686750368360989880076

19

160590837789345135158912602686909845786068797574

21

160590837789345135158912602687392420180570078032

23

160590837789345135158912602688722382595120156042

25

160590837789345135158912602692109531158990205780

27

160590837789345135158912602700172516330405431246

29

160590837789345135158912602686688002979568236477

3

160590837789345135158912602686688002984221359357

5

160590837789345135158912602686688003321604893045

7

160590837789345135158912602686688011601266039877

9

160590837789345135158912602686688117274241345805

11

160590837789345135158912602686688989559450666477

13

160590837789345135158912602686694269096138088837

15

160590837789345135158912602686719614482914416885

17

160590837789345135158912602686821306576298051037

19

160590837789345135158912602687174993590187236445

21

160590837789345135158912602688269926625880985877

23

160590837789345135158912602691347297267463028517

25

160590837789345135158912602699319469981293217325

27

160590837789345135158912602718582747312798750797

29

160590837789345135158912602686688002979581096232

3

160590837789345135158912602686688002992835873352

5

160590837789345135158912602686688003970829862760

7

160590837789345135158912602686688028179101090280

9

160590837789345135158912602686688338742654353064

11

160590837789345135158912602686690911117913225992

13

160590837789345135158912602686706518694201924072

15

160590837789345135158912602686781583542596493480

17

160590837789345135158912602687083193496718668840

19

160590837789345135158912602688133398984969356744

21

160590837789345135158912602691387635601893941352

23

160590837789345135158912602700540985043284165992

25

160590837789345135158912602724269113968416229800

27

160590837789345135158912602781636172457531237000

29

160590837789345135158912602686688002979570256053

3

160590837789345135158912602686688002986041146687

5

160590837789345135158912602686688003478235537929

7

160590837789345135158912602686688015906020302803

9

160590837789345135158912602686688177518034472157

11

160590837789345135158912602686689529235169979623

13

160590837789345135158912602686697790552812777777

15

160590837789345135158912602686737747890974560379

17

160590837789345135158912602686899016591567621893

19

160590837789345135158912602687462601690984451727

21

160590837789345135158912602689214236928517307993

23

160590837789345135158912602694153659774017061667

25

160590837789345135158912602706985796431708630829

27

160590837789345135158912602738067745934115414583

29

160590837789345135158912602686688002979580508172

3

160590837789345135158912602686688002992210134552

5

160590837789345135158912602686688003910357392996

7

160590837789345135158912602686688026407557593472

9

160590837789345135158912602686688312959143497852

11

160590837789345135158912602686690673993160789992

13

160590837789345135158912602686704942101304476372

15

160590837789345135158912602686773350125899236816

17

160590837789345135158912602687047522681595679212

19

160590837789345135158912602688000226134612291512

21

160590837789345135158912602690947270221789356612

23

160590837789345135158912602699224529660502120992

25

160590837789345135158912602720654894258137350236

27

160590837789345135158912602772410891240570972552

29

160590837789345135158912602686688002979568022589

3

160590837789345135158912602686688002982996686807

5

160590837789345135158912602686688003192995619385

7

160590837789345135158912602686688007803359799843

9

160590837789345135158912602686688062204239230677

11

160590837789345135158912602686688485940613709839

13

160590837789345135158912602686690938861384414737

15

160590837789345135158912602686702306932808874395

17

160590837789345135158912602686746635661640379373

19

160590837789345135158912602686897221913226157767

21

160590837789345135158912602687354272781786819689

23

160590837789345135158912602688617396779612389267

25

160590837789345135158912602691842518028182934405

27

160590837789345135158912602699537722124061307903

29

160590837789345135158912602686688002979578438379

3

160590837789345135158912602686688002991606689217

5

160590837789345135158912602686688003901280267575

7

160590837789345135158912602686688026762071149021

9

160590837789345135158912602686688323011210648131

11

160590837789345135158912602686690794407815330809

13

160590837789345135158912602686705869011020698767

15

160590837789345135158912602686778667018674367125

17

160590837789345135158912602687072116337886578331

19

160590837789345135158912602688096590603316677681

21

160590837789345135158912602691277988932407147239

23

160590837789345135158912602700242790744473962317

25

160590837789345135158912602723518268226332556275

27

160590837789345135158912602779866331595981083241

29

160590837789345135158912602686688002979578017182

3

160590837789345135158912602686688002991673809812

5

160590837789345135158912602686688003911702265714

7

160590837789345135158912602686688027051168363672

9

160590837789345135158912602686688326770189103462

11

160590837789345135158912602686690825141224634172

13

160590837789345135158912602686706051775708987002

15

160590837789345135158912602686779527743028604544

17

160590837789345135158912602687075506527922235822

19

160590837789345135158912602688108182400176895332

21

160590837789345135158912602691313324098561820162

23

160590837789345135158912602700340729581181826792

25

160590837789345135158912602723768830662948845174

27

160590837789345135158912602780464984465144245772

29

160590837789345135158912602686688002979566284074

3

160590837789345135158912602686688002982729982902

5

160590837789345135158912602686688003206205100530

7

160590837789345135158912602686688008643008199054

9

160590837789345135158912602686688077840345753274

11

160590837789345135158912602686688648732443239974

13

160590837789345135158912602686692105355133541122

15

160590837789345135158912602686708711527259186430

17

160590837789345135158912602686775395894811051594

19

160590837789345135158912602687007524482490349974

21

160590837789345135158912602687726735160489568274

23

160590837789345135158912602689749687094610341742

25

160590837789345135158912602694994079132968019930

27

160590837789345135158912602707674593126611900934

29

