211645701630323942588290423553210756320877135876

2

443974930294404004331850489546473878441960000902

4

211645701630323942588290423553210756336400351156

6

211645701630323942588290423553210759054848585953

9

211645701630323942588290423553210792526431427581

11

211645701630323942588290423553210867636056900536

12

593002575999645548054899435478194890289332983173

15

217854179306976655354695729852165335392538729883

16

492263718902274606425911108446850763839856441242

19

211645701630323942588290423553293797276030736088

20

215400949907932382173435788733327378491842054485

23

211645701630323942588290423554095448270608484888

24

92342804467978727095340476547443203028292075853

26

461146598375778505973438745006562329105545435584

29

211645701473823364363058244369517085302135058887

2

443974930137903426106618310362780207423217923913

4

211645701473823364363058244369517085317658274167

6

38420219081242987244839881991090354667127494870

8

211645701473823364363058244369517095901899628359

10

122103438957130234001481149983239812423066896382

13

593002575843144969829667256294501219270590906184

15

211645701473823364363058244369527180502282301252

17

492263718745774028200678929263157092821114364253

19

211645701473823364363058244369600126257288659099

20

211645701473823364363058244369803067255832185207

22

211645701473823364363058244371020016095400716644

25

211645701473823364363058244373599359449948694912

27

461146598219277927748206565822868658086803358595

29

211645701630323942588290423553210756320877135876

2

211645701630323942588290423553210756322450701153

5

211645701630323942588290423553210756336400351156

6

211645701630323942588290423553210759054848585953

9

211645701630323942588290423553210792526431427581

11

211645701630323942588290423553210867636056900536

12

211645701630323942588290423553211573083713727348

14

211645701630323942588290423553220851521024378241

17

211645701630323942588290423553231934628191437700

18

211645701630323942588290423553367137629500171681

21

211645701630323942588290423553496738274574262196

22

211645701630323942588290423554713687114142793633

25

211645701630323942588290423557293030468690771901

27

211645701630323942588290423559757098995307660920

28

211645701630323942588290423553210756320877217450

2

419116434078861364133000562118761619512552681835

4

211645701630323942588290423553210756452139862846

6

117962388826201847044567199588871005993620070928

8

211645701630323942588290423553211084829123374066

11

211645701630323942588290423553211769312257704580

12

291168055977950685071259580876687959681142224646

15

223260100968597045539611429060306851852043032584

16

506414252018030328644936473733763510210440069844

19

211645701630323942588290423553969993085258086988

20

44777223656005938154790434373668306233533579426

23

211645701630323942588290423561292669723271986640

24

167830312541783827604090115819915059359134251738

26

553159228219345933545113819420908169946937551398

29

211645701630323942588290423553210756320877217450

2

419116434078861364133000562118761619512552681835

4

211645701630323942588290423553210756452139862846

6

211645701630323942588290423553210780845251455940

9

211645701630323942588290423553211084829123374066

11

211645701630323942588290423553211769312257704580

12

291168055977950685071259580876687959681142224646

15

223260100968597045539611429060306851852043032584

16

506414252018030328644936473733763510210440069844

19

211645701630323942588290423553969993085258086988

20

44777223656005938154790434373668306233533579426

23

211645701630323942588290423561292669723271986640

24

167830312541783827604090115819915059359134251738

26

553159228219345933545113819420908169946937551398

29

211645701590760214499600290047344236826766823508

2

419116434039297636044310428612895100018442287893

4

211645701590760214499600290047344236958029468904

6

117962388786638118955877066083004486499509676986

8

211645701590760214499600290047344332571390620156

10

19437423448626389859711029942870726334863741383

13

291168055938386956982569447370821440187031830704

15

211645701590760214499600290047436539624610783478

17

506414251978466600556246340227896990716329675902

19

211645701590760214499600290048103473591147693046

20

211645701590760214499600290049958003992378362168

22

211645701590760214499600290061070392082714413566

25

211645701590760214499600290084607475588096617708

27

553159228179782205456423685915041650452827157456

29

211645701630323942588290423553210756320877217450

2

419116434078861364133000562118761619512552681835

4

211645701630323942588290423553210756452139862846

6

211645701630323942588290423553210780845251455940

9

211645701630323942588290423553211084829123374066

11

19437423488190117948401163448737245828974135325

13

291168055977950685071259580876687959681142224646

15

223260100968597045539611429060306851852043032584

16

506414252018030328644936473733763510210440069844

19

211645701630323942588290423553969993085258086988

20

44777223656005938154790434373668306233533579426

23

211645701630323942588290423561292669723271986640

24

167830312541783827604090115819915059359134251738

26

553159228219345933545113819420908169946937551398

29

211645701630323942588290423553210756320877217450

2

419116434078861364133000562118761619512552681835

4

211645701630323942588290423553210756452139862846

6

117962388826201847044567199588871005993620070928

8

211645701630323942588290423553211084829123374066

11

211645701630323942588290423553211769312257704580

12

291168055977950685071259580876687959681142224646

15

223260100968597045539611429060306851852043032584

16

506414252018030328644936473733763510210440069844

19

211645701630323942588290423553969993085258086988

20

44777223656005938154790434373668306233533579426

23

211645701630323942588290423561292669723271986640

24

167830312541783827604090115819915059359134251738

26

553159228219345933545113819420908169946937551398

29

211645701630323942588290423553210756320877217450

2

211645701630323942588290423553210756333475379728

5

211645701630323942588290423553210756452139862846

6

211645701630323942588290423553210780845251455940

9

211645701630323942588290423553211084829123374066

11

211645701630323942588290423553211769312257704580

12

211645701630323942588290423553218212819110297190

14

211645701630323942588290423553303059118721177420

17

211645701630323942588290423553404412183215265274

18

211645701630323942588290423554640308928067617056

21

211645701630323942588290423555824523486488756110

22

211645701630323942588290423566936911576824807508

25

211645701630323942588290423590473995082207011650

27

211645701630323942588290423612950134411366686484

28

211645701630323942588290423553210756320877164218

2

211645701630323942588290423553210756326232736993

5

211645701630323942588290423553210756726407849913

7

211645701630323942588290423553210766764604901353

9

211645701630323942588290423553210896875489234993

11

211645701630323942588290423553211190664989040508

12

211645701630323942588290423553213965532651600958

14

211645701630323942588290423553250662155680057753

17

211645701630323942588290423553294585837487859626

18

211645701630323942588290423553831556426950453313

21

211645701630323942588290423554346843042409193398

22

211645701630323942588290423559190906052352901833

25

211645701630323942588290423569466763635385834193

27

211645701630323942588290423579287436546490359916

28

211645701630323942588290423553210756320877221154

2

488407888971320779462607723313731778499246863024

4

211645701630323942588290423553210756444184212886

6

211645701630323942588290423553210778933199104438

9

211645701630323942588290423553211057172059234086

11

211645701630323942588290423553211681682284762804

12

515584312265055888294578986934114294863704418571

15

275061934493565385835756762054337806259538825007

16

200384309610548151990510985575480882852451157443

19

237440969404079432751479018266475374433879001322

20

418611380981114532847727449364397627683253480330

23

211645701630323942588290423560492320517016075248

24

532790531861080155369649981133591907046305910682

26

87958941543088355020435106270301516613722398077

29

211645701876785319406664505976596195119009889240

2

488407889217782156280981805737117217297379531110

4

211645701876785319406664505976596195242316880972

6

671060503420395956563769563188221446689110654971

8

211645701876785319406664505976596283070316929344

10

211645701876785319406664505976597120480417430890

12

515584312511517265112953069357499733661837086657

15

211645701876785319406664505976679828762783525340

17

200384309857009528808885067998866321650583825529

19

237440969650540809569853100689860813232011669408

20

211645701876785319406664505978954053607583072540

22

211645701876785319406664505988956295279422039244

25

211645701876785319406664506010118368088789287740

27

87958941789549731838809188693686955411855066163

29

211645701630323942588290423553210756320877221154

2

211645701630323942588290423553210756332843623758

5

211645701630323942588290423553210756444184212886

6

211645701630323942588290423553210778933199104438

9

211645701630323942588290423553211057172059234086

11

211645701630323942588290423553211681682284762804

12

211645701630323942588290423553217540813529788158

14

211645701630323942588290423553294389964650857254

17

211645701630323942588290423553386034354261272050

18

211645701630323942588290423554501262920821699886

21

211645701630323942588290423555568614809450404454

22

211645701630323942588290423565570856481289371158

25

211645701630323942588290423586732929290656619654

27

211645701630323942588290423606929309597908869380

28

211645701630323942588290423553210756320877185920

2

211645701630323942588290423553210756327946079053

5

211645701630323942588290423553210756827432055265

7

211645701630323942588290423553210768869694476797

9

211645701630323942588290423553210920576834186497

11

211645701630323942588290423553211258328868424360

12

211645701630323942588290423553214399079059593712

14

211645701630323942588290423553255153529723158205

17

211645701630323942588290423553303522283782833344

18

211645701630323942588290423553888666627284378317

21

211645701630323942588290423554446785438665286800

22

211645701630323942588290423559655909527238491133

25

211645701630323942588290423570639915147961630145

27

211645701630323942588290423581103988949269038824

28

211645701784730583804224349107724126357436843535

2

61666672350102216836660384116335631738403065920

4

211645701784730583804224349107724126460536827503

6

484620248065863143895034511133180146471695268924

8

648318768598842728274901626095026780175980594518

10

399798234623148631374908967040462650040242933129

13

163042747189316939786468979309356978903455034485

15

211645701784730583804224349107796418615267052570

17

409704503088739886495769868964107697106325402192

19

115208115928892735505564001069070679036832111492

20

211645701784730583804224349109768822862318983215

22

211645701784730583804224349118455942154332097866

25

211645701784730583804224349136849326614866708510

27

121999056757480387638491465265379718395086129063

29

211645701630323942588290423553210756320877190652

2

211645701630323942588290423553210756330763108223

5

211645701630323942588290423553210757072238713347

7

211645701630323942588290423553210775580843268823

9

211645701630323942588290423553211014127738413035

11

211645701630323942588290423553211551000590665192

12

211645701630323942588290423553216601707369779708

14

211645701630323942588290423553283048578707399687

17

211645701630323942588290423553362388146413042492

18

115208115774486094289630075514557309000272458609

20

211645701630323942588290423555255452825759330332

22

211645701630323942588290423563942572117772444983

25

211645701630323942588290423582335956578307055627

27

211645701630323942588290423599896762899981412072

28

211645701630323942588290423553210756320891590747

3

211645701630323942588290423553210756330763108223

5

211645701630323942588290423553210757072238713347

7

211645701630323942588290423553210775580843268823

9

211645701630323942588290423553211014127738413035

11

211645701630323942588290423553211551000590665192

12

211645701630323942588290423553216601707369779708

14

211645701630323942588290423553283048578707399687

17

211645701630323942588290423553362388146413042492

18

115208115774486094289630075514557309000272458609

20

211645701630323942588290423555255452825759330332

22

211645701630323942588290423559530694710596062328

24

211645701630323942588290423582335956578307055627

27

211645701630323942588290423599896762899981412072

28

211645701630323942588290423553210756320877190652

2

211645701630323942588290423553210756330763108223

5

211645701630323942588290423553210756423977174620

6

484620247911456502679100585578666776435135616041

8

211645701630323942588290423553211014127738413035

11

211645701630323942588290423553211551000590665192

12

163042747034910298570535053754843608866895381602

15

21339382983457617189254095274312112346347159549

16

409704502934333245279835943409594327069765749309

19

115208115774486094289630075514557309000272458609

20

374024537714403262756839772793087549488884093570

23

211645701630323942588290423559530694710596062328

24

510843993767918148582314558437315260881619843167

26

121999056603073746422557539710866348358526476180

29

211645701630323942588290423553210756320891590747

3

61666672195695575620726458561822261701843413037

4

211645701630323942588290423553210756423977174620

6

211645701630323942588290423553210775580843268823

9

211645701630323942588290423553211014127738413035

11

211645701630323942588290423553211551000590665192

12

163042747034910298570535053754843608866895381602

15

21339382983457617189254095274312112346347159549

16

409704502934333245279835943409594327069765749309

19

115208115774486094289630075514557309000272458609

20

374024537714403262756839772793087549488884093570

23

211645701630323942588290423559530694710596062328

24

510843993767918148582314558437315260881619843167

26

121999056603073746422557539710866348358526476180

29

211645701630323942588290423553210756320877190652

2

61666672195695575620726458561822261701843413037

4

211645701630323942588290423553210756423977174620

6

211645701630323942588290423553210775580843268823

9

211645701630323942588290423553211014127738413035

11

211645701630323942588290423553211551000590665192

12

163042747034910298570535053754843608866895381602

15

21339382983457617189254095274312112346347159549

16

409704502934333245279835943409594327069765749309

19

115208115774486094289630075514557309000272458609

20

374024537714403262756839772793087549488884093570

23

211645701630323942588290423559530694710596062328

24

510843993767918148582314558437315260881619843167

26

121999056603073746422557539710866348358526476180

29

211645701630323942588290423553210756320877190652

2

211645701630323942588290423553210756330763108223

5

211645701630323942588290423553210756423977174620

6

211645701630323942588290423553210775580843268823

9

211645701630323942588290423553211014127738413035

11

211645701630323942588290423553211551000590665192

12

211645701630323942588290423553216601707369779708

14

211645701630323942588290423553283048578707399687

17

211645701630323942588290423553362388146413042492

18

211645701630323942588290423554329297338894779615

21

211645701630323942588290423555255452825759330332

22

211645701630323942588290423563942572117772444983

25

211645701630323942588290423582335956578307055627

27

211645701630323942588290423599896762899981412072

28

640666958348044184327957114163593749923068723474

3

211645701630323942588290423553210756327375825993

5

211645701630323942588290423553210756792796138593

7

211645701630323942588290423553210768134957864161

9

211645701630323942588290423553210912204733387017

11

211645701630323942588290423553211234317180594448

12

211645701630323942588290423553214244086409323716

14

211645701630323942588290423553253534954119255153

17

211645701630323942588290423553300295025821163212

18

211645701630323942588290423553867935285731186537

21

211645701630323942588290423554410454113088362708

22

211645701630323942588290423559486259142267464833

25

211645701630323942588290423570211060362765819113

27

211645701630323942588290423580439346152986518832

28

211645701630323942588290423553210756320877180588

2

211645701630323942588290423553210756327375825993

5

211645701630323942588290423553210756792796138593

7

211645701630323942588290423553210768134957864161

9

211645701630323942588290423553210912204733387017

11

211645701630323942588290423553211234317180594448

12

211645701630323942588290423553214244086409323716

14

211645701630323942588290423553253534954119255153

17

211645701630323942588290423553300295025821163212

18

211645701630323942588290423553867935285731186537

21

211645701630323942588290423554410454113088362708

22

211645701630323942588290423559486259142267464833

25

211645701630323942588290423570211060362765819113

27

211645701630323942588290423580439346152986518832

28

211645701535319244984371279472013305938947010683

2

256808332689646151854407054918512107404367493333

4

211645701535319244984371279472013306063991636323

6

627489375401970301266985359592676685164099561651

8

179965543768564477849135012669227713920282239221

10

211645701535319244984371279472014239033686656443

12

27815130763154947936031844007177330738098640240

15

211645701535319244984371279472097463604931035448

17

275502747566670534811378332171683077363143165302

19

569997084379740519865925816965523148146687969694

20

211645701535319244984371279474382982253821931203

22

211645701535319244984371279479328661234120268147

24

211645701535319244984371279505675476594383559458

27

457142423884667424889374325808553181040183883805

29

211645701630323942588290423553210756320877224272

2

256808332784650849458326198999709557786297706922

4

211645701630323942588290423553210756445921849912

6

627489375496974998870904503673874135546029775240

8

211645701630323942588290423553211059866591651047

11

211645701630323942588290423553211689415616870032

12

27815130858159645539950988088374781120028853829

15

730578685643596605411807309029856622385071947329

16

275502747661675232415297476252880527745073378891

19

569997084474745217469844961046720598528618183283

20

474709925828926096868713429690716467486926676219

23

211645701630323942588290423560526111616050481736

24

724035644992026498105628246920505360580923261014

26

457142423979672122493293469889750631422114097394

29

543601623315217323683793467357757970393643332226

3

72036919364306494008247477353622938059120956383

5

160590837797405405714089584493386332433272922646

6

160590837797405405714089584493386337810596996992

8

160590837797405405714089584493386432402084138522

10

160590837797405405714089584493387402843156980580

12

280108699863516655900816837909974142798132602399

15

160590837797405405714089584493431378882787007496

16

160590837797405405714089584493594596072317594722

18

160590837797405405714089584494931214152375770671

21

513693730389621711660585507542664397740267071892

23

160590837797405405714089584502151812763652543376

24

160590837797405405714089584518199185882691538346

26

414600372264295150494756427587974041461186098482

29

160590837789345135158912602686688002979560762815

2

160590837789345135158912602686688002980243933001

4

160590837789345135158912602686688003110814498051

6

160590837789345135158912602686688008488138572397

8

160590837789345135158912602686688348463824253726

11

160590837789345135158912602686689073520698555985

12

160590837789345135158912602686695942937865874891

14

160590837789345135158912602686733049560328582901

16

160590837789345135158912602686896266749859170127

18

160590837789345135158912602688232884829917346076

21

160590837789345135158912602689516354685922865555

22

160590837789345135158912602695453483441194118781

24

160590837789345135158912602727215483850615638990

27

160590837789345135158912602751711888843369596257

28

160590837789345135158912602686688002979560778901

2

160590837789345135158912602686688002980113900517

4

160590837789345135158912602686688003070681435893

6

160590837789345135158912602686688006508625499877

8

160590837789345135158912602686688064045010428117

10

160590837789345135158912602686688634935870835941

12

160590837789345135158912602686692580833432127797

14

160590837789345135158912602686713518608404568293

16

160590837789345135158912602686804351263252590357

18

160590837789345135158912602687537530128359117693

21

160590837789345135158912602688236612104722372981

22

160590837789345135158912602694759063797258357817

25

160590837789345135158912602700085635377460055893

26

160590837789345135158912602721605509480138116837

28

160590837842938459135215292007178201577806577394

3

79924518973342213656348269410500096787296169487

5

160590837842938459135215292007178201623410888772

6

160590837842938459135215292007178203272403394294

8

160590837842938459135215292007178297134907591162

11

160590837842938459135215292007178490491909031274

12

688036422410483863918383937476517126404435504676

15

160590837842938459135215292007189542033726361502

16

160590837842938459135215292007229395196718888544

18

160590837842938459135215292007547561864198266792

21

13662481289799031570972516823620776712296245006

23

160590837842938459135215292009230065032012043078

24

160590837842938459135215292012920038582561569032

26

97906403249656842025232457718122125836571992148

29

160590837789345135158912602686688002979560736679

2

160590837789345135158912602686688002979857151193

4

160590837789345135158912602686688003025173796827

6

160590837789345135158912602686688004674166302349

8

160590837789345135158912602686688031481168037967

10

160590837789345135158912602686688291893671939329

12

160590837789345135158912602686690063080362127363

14

160590837789345135158912602686712630518792419579

17

160590837789345135158912602686739196598481796599

18

160590837789345135158912602687057363265961174847

21

160590837789345135158912602687359067496211732779

22

160590837789345135158912602690155567434426716067

25

160590837789345135158912602696018174666669232929

27

160590837789345135158912602701586120556631546449

28

160590837789345135158912602686688002979560721549

2

160590837789345135158912602686688002979824253421

4

340081735156434009502120623540379602438158003725

7

160590837789345135158912602686688004811973226197

8

160590837789345135158912602686688114235444248843

11

160590837789345135158912602686688345404868549789

12

406814803574835068621384256534758603849558172310

15

160590837789345135158912602686719039704884340609

17

245702030606582857158290577276972273792714220846

19

160590837789345135158912602687167702984306369493

21

533280929928049965667617054676331624600731290803

23

160590837789345135158912602691288066818761154217

25

160590837789345135158912602699170184310625551899

27

160590837789345135158912602706694953356411717757

28

160590837789345135158912602686688002979560721549

2

160590837789345135158912602686688002979824253421

4

160590837789345135158912602686688003025200573093

6

86965395025801093643333660906929779898354762003

9

160590837789345135158912602686688035483961602077

10

160590837789345135158912602686688345404868549789

12

160590837789345135158912602686690516690612951541

14

160590837789345135158912602686719039704884340609

17

160590837789345135158912602686753079147597618477

18

160590837789345135158912602687167702984306369493

21

160590837789345135158912602687564751048240236229

22

160590837789345135158912602691288066818761154217

25

160590837789345135158912602694338434981379496893

26

160590837789345135158912602706694953356411717757

28

160590837789345135158912602686688002979560724969

2

160590837789345135158912602686688002979922846613

4

160590837789345135158912602686688003047550679065

6

160590837789345135158912602686688005805667341477

8

160590837789345135158912602686688178931496981495

11

160590837789345135158912602686688547334969171349

12

494396323915412952520059720421745541537325241393

15

160590837789345135158912602686738123493235223289

17

198209740791912661190354542331012714745469570049

19

160590837789345135158912602687467843332272268605

21

703469441102318210238927862782056659814823772413

23

160590837789345135158912602694198883766771622817

25

160590837789345135158912602707102370341877230919

27

160590837789345135158912602719432928916163411477

28

160590837789345135158912602686688002979560724969

2

160590837789345135158912602686688002979922846613

4

160590837789345135158912602686688003047550679065

6

160590837789345135158912602686688005805667341477

8

160590837789345135158912602686688178931496981495

11

160590837789345135158912602686688547334969171349

12

160590837789345135158912602686692030429434728793

14

160590837789345135158912602686738123493235223289

17

160590837789345135158912602686793301110269513577

18

207630806633396247586118741003414828157202362473

20

160590837789345135158912602688115103101420456729

22

160590837789345135158912602694198883766771622817

25

160590837789345135158912602699190224214666423785

26

160590837789345135158912602719432928916163411477

28

160590837789345135158912602686688002979560741797

2

160590837789345135158912602686688002979922071037

4

160590837789345135158912602686688003041581565133

6

160590837789345135158912602686688005456971626229

8

160590837789345135158912602686688152766013287673

11

160590837789345135158912602686688463572849577677

12

79113448525863902560290887790408693049154060671

15

160590837789345135158912602686729630411294364817

17

314431518423682057195333588768051010781959700188

19

160590837789345135158912602687330586673743512153

21

252106030245773066713626128828570337072362250147

23

160590837789345135158912602692844962569220466817

25

160590837789345135158912602703389556184570377497

27

160590837789345135158912602713454225906788572909

28

160590837789345135158912602686688002979560741797

2

160590837789345135158912602686688002979922071037

4

160590837789345135158912602686688003041581565133

6

160590837789345135158912602686688005456971626229

8

160590837789345135158912602686688152766013287673

11

160590837789345135158912602686688463572849577677

12

160590837789345135158912602686691379367486240317

14

160590837789345135158912602686729630411294364817

17

314431518423682057195333588768051010781959700188

19

160590837789345135158912602687330586673743512153

21

160590837789345135158912602687862176141950739757

22

160590837789345135158912602692844962569220466817

25

160590837789345135158912602696926059793358007093

26

160590837789345135158912602713454225906788572909

28

160590837789345135158912602686688002979560778483

2

160590837789345135158912602686688002980281217041

4

160590837789345135158912602686688003111293454591

6

160590837789345135158912602686688008363741092221

8

160590837789345135158912602686688333247665242046

11

160590837789345135158912602686689021287181564713

12

160590837789345135158912602686695496466805843671

14

160590837789345135158912602686730266188059636501

16

160590837789345135158912602686882501118507627171

18

160590837789345135158912602688123191946170641706

21

160590837789345135158912602689311754476804852143

22

160590837789345135158912602700462025656418541642

25

160590837789345135158912602709599153220092156411

26

387343181579533456979320399409610191023634128639

29

160590837789345135158912602686688002979560727805

2

160590837789345135158912602686688002979799476821

4

47419004359577738293938376409206617445413391147

7

160590837789345135158912602686688004181259727237

8

160590837789345135158912602686688066787895954884

11

160590837789345135158912602686688192884648627445

12

239552388144708523922654448906998145359845340474

15

160590837789345135158912602686703268157727140290

17

160590837789345135158912602686750368360989880076

19

160590837789345135158912602686909845786068797574

21

29145094026715123179773203029399622367614801575

23

160590837789345135158912602688722382595120156042

25

160590837789345135158912602692109531158990205780

27

160590837789345135158912602695307036555159961397

28

445980017753944850108062375656433725919246159280

3

160590837789345135158912602686688002979799476821

4

47419004359577738293938376409206617445413391147

7

160590837789345135158912602686688004181259727237

8

160590837789345135158912602686688066787895954884

11

160590837789345135158912602686688192884648627445

12

239552388144708523922654448906998145359845340474

15

160590837789345135158912602686703268157727140290

17

160590837789345135158912602686750368360989880076

19

160590837789345135158912602686909845786068797574

21

29145094026715123179773203029399622367614801575

23

160590837789345135158912602688722382595120156042

25

160590837789345135158912602692109531158990205780

27

160590837789345135158912602695307036555159961397

28

160590837789345135158912602686688002979560727805

2

160590837789345135158912602686688002979799476821

4

160590837789345135158912602686688003013742836989

6

160590837789345135158912602686688004181259727237

8

160590837789345135158912602686688066787895954884

11

160590837789345135158912602686688192884648627445

12

160590837789345135158912602686689321128456002941

14

160590837789345135158912602686703268157727140290

17

160590837789345135158912602686719455339418878717

18

160590837789345135158912602686909845786068797574

21

160590837789345135158912602687088447499821695485

22

160590837789345135158912602688722382595120156042

25

160590837789345135158912602692109531158990205780

27

160590837789345135158912602695307036555159961397

28

160590837789345135158912602686688002979560720475

2

160590837789345135158912602686688002979837066897

4

60990120019501389864146080335652491024848953754

7

160590837789345135158912602686688004876613911677

8

160590837789345135158912602686688117274241345805

11

160590837789345135158912602686688354082450868265

12

377093677558889137818672930634124920481958264870

15

160590837789345135158912602686719614482914416885

17

160590837789345135158912602686821306576298051037

19

160590837789345135158912602687174993590187236445

21

584859415345554657557483728426415770980347690497

23

160590837789345135158912602691347297267463028517

25

160590837789345135158912602699319469981293217325

27

160590837789345135158912602706926007124374885977

28

323183182371354433333354544497910029034971490751

3

23239058167398843137611070981966264407316568532

5

160590837532671930227466995678934682167191321287

6

160590837532671930227466995678934684016655534029

8

160590837532671930227466995678934796414282968157

11

160590837532671930227466995678935033222492490617

12

377093677302215932887227323626371599621999887222

15

160590837532671930227466995678966293622956039237

17

160590837532671930227466995679000901206689085979

18

160590837532671930227466995679421672730228858797

21

584859415088881452626038121418662450120389312849

23

160590837532671930227466995681680191288294787069

24

160590837532671930227466995686679988784601706067

26

160590837532671930227466995710829426452840373149

29

160590837789345135158912602686688002979560720475

2

160590837789345135158912602686688002979837066897

4

160590837789345135158912602686688003027149698935

6

160590837789345135158912602686688004876613911677

8

160590837789345135158912602686688117274241345805

11

160590837789345135158912602686688354082450868265

12

377093677558889137818672930634124920481958264870

15

160590837789345135158912602686719614482914416885

17

160590837789345135158912602686821306576298051037

19

160590837789345135158912602687174993590187236445

21

584859415345554657557483728426415770980347690497

23

160590837789345135158912602691347297267463028517

25

160590837789345135158912602699319469981293217325

27

160590837789345135158912602706926007124374885977

28

160590837789345135158912602686688002979560720475

2

160590837789345135158912602686688002979837066897

4

160590837789345135158912602686688003027149698935

6

160590837789345135158912602686688004876613911677

8

160590837789345135158912602686688117274241345805

11

160590837789345135158912602686688354082450868265

12

377093677558889137818672930634124920481958264870

15

160590837789345135158912602686719614482914416885

17

160590837789345135158912602686821306576298051037

19

160590837789345135158912602687174993590187236445

21

584859415345554657557483728426415770980347690497

23

160590837789345135158912602691347297267463028517

25

160590837789345135158912602699319469981293217325

27

160590837789345135158912602706926007124374885977

28

323183182371354433333354544497910029034971490751

3

23239058167398843137611070981966264407316568532

5

160590837532671930227466995678934682167191321287

6

160590837532671930227466995678934684016655534029

8

160590837532671930227466995678934796414282968157

11

160590837532671930227466995678935033222492490617

12

377093677302215932887227323626371599621999887222

15

160590837532671930227466995678949114726165695077

16

160590837532671930227466995679000901206689085979

18

160590837532671930227466995679421672730228858797

21

584859415088881452626038121418662450120389312849

23

160590837532671930227466995681680191288294787069

24

160590837532671930227466995686679988784601706067

26

160590837532671930227466995710829426452840373149

29

160590837789345135158912602686688002979560720475

2

160590837789345135158912602686688002979837066897

4

160590837789345135158912602686688003027149698935

6

160590837789345135158912602686688004876613911677

8

160590837789345135158912602686688036445674316947

10

160590837789345135158912602686688354082450868265

12

160590837789345135158912602686690572264979657007

14

160590837789345135158912602686719614482914416885

17

160590837789345135158912602686754222066647463627

18

160590837789345135158912602687174993590187236445

21

160590837789345135158912602687577502095203239655

22

160590837789345135158912602691347297267463028517

25

160590837789345135158912602699319469981293217325

27

160590837789345135158912602706926007124374885977

28

160590837789345135158912602686688002979560800125

2

160590837789345135158912602686688002980334057725

4

160590837789345135158912602686688003116533733349

6

160590837789345135158912602686688008504161610037

8

160590837789345135158912602686688338742654353064

11

160590837789345135158912602686689036325140956045

12

160590837789345135158912602686695586394631582485

14

160590837789345135158912602686781583542596493480

17

160590837789345135158912602686884182536692869597

18

160590837789345135158912602688133398984969356744

21

160590837789345135158912602689329362129016698565

22

160590837789345135158912602700540985043284165992

25

160590837789345135158912602724269113968416229800

27

160590837789345135158912602746918146299920691757

28

160590837789345135158912602686688002979560730329

2

160590837789345135158912602686688002979930657733

4

78848723144001294408635251899998894113175874634

7

160590837789345135158912602686688005788808332613

8

160590837789345135158912602686688177518034472157

11

160590837789345135158912602686688542910924301029

12

278078191572675457973532202596107085383235255161

15

160590837789345135158912602686737747890974560379

17

160590837789345135158912602686899016591567621893

19

160590837789345135158912602687462601690984451727

21

475489814096085525471706718286670437047932492423

23

160590837789345135158912602694153659774017061667

25

160590837789345135158912602706985796431708630829

27

160590837789345135158912602719250713137192050853

28

160590837789345135158912602686688002979560730329

2

160590837789345135158912602686688002979930657733

4

160590837789345135158912602686688003047552622297

6

160590837789345135158912602686688005788808332613

8

160590837789345135158912602686688053661955955257

10

160590837789345135158912602686688542910924301029

12

160590837789345135158912602686691998211592433273

14

160590837789345135158912602686737747890974560379

17

160590837789345135158912602686792532413550487833

18

160590837789345135158912602687462601690984451727

21

160590837789345135158912602688105774260361336729

22

160590837789345135158912602694153659774017061667

25

160590837789345135158912602699116930308613506937

26

160590837789345135158912602719250713137192050853

28

160590837789345135158912602686688002979560796561

2

160590837789345135158912602686688002980304644077

4

160590837789345135158912602686688003109031009097

6

160590837789345135158912602686688008139006138357

8

160590837789345135158912602686688312959143497852

11

160590837789345135158912602686688954342687667581

12

160590837789345135158912602686694953489229601017

14

160590837789345135158912602686773350125899236816

17

160590837789345135158912602686866687082057006577

18

160590837789345135158912602688000226134612291512

21

160590837789345135158912602689083841160334092201

22

160590837789345135158912602699224529660502120992

25

160590837789345135158912602707521585427464224417

26

160590837789345135158912602741094908422655933597

28

160590837789345135158912602686688002979560730005

2

160590837789345135158912602686688002979790408453

4

160590837789345135158912602686688003011528761557

6

160590837789345135158912602686688004094653380389

8

160590837789345135158912602686688062204239230677

11

160590837789345135158912602686688179464882077765

12

160590837789345135158912602686689231816544203733

14

160590837789345135158912602686702306932808874395

17

160590837789345135158912602686717524399259511189

18

160590837789345135158912602686897221913226157767

21

160590837789345135158912602687066221122227853525

22

160590837789345135158912602688617396779612389267

25

160590837789345135158912602691842518028182934405

27

160590837789345135158912602694892103407192955589

28

568406253490660067471363327721962437387667344495

3

600174701093718608226666717914241239714985062955

5

160590837630757423879841751140913088666799530670

6

160590837630757423879841751140913093720361674608

8

160590837630757423879841751140913408572425199270

11

231956188214730775070879715683921287697802209896

13

715115266309983974396350104731026806022398094192

15

160590837630757423879841751141003752579888918264

17

160590837630757423879841751141103477833564616538

18

160590837630757423879841751142321676164531228820

21

103637486421884439901486095404117023307494596010

23

160590837630757423879841751148890201549407345600

24

160590837630757423879841751177743353787547107414

27

553521008181203547943967929477809462147025644081

29

568406253649247778750434179267737351826452793356

3

160590837789345135158912602686688002980249590841

4

109377844202328192478354053619665031174819069124

7

160590837789345135158912602686688008159147123469

8

160590837789345135158912602686688323011210648131

11

160590837789345135158912602686688991648185869025

12

715115266468571685675420956276801720461183543053

15

160590837789345135158912602686778667018674367125

17

383213339821864619320485981642505381060853233842

19

160590837789345135158912602688096590603316677681

21

103637486580472151180556946949891937746280044871

23

160590837789345135158912602700242790744473962317

25

160590837789345135158912602723518268226332556275

27

160590837789345135158912602745756516931452961329

28

160590837789345135158912602686688002979560780775

2

160590837789345135158912602686688002980249590841

4

160590837789345135158912602686688003105584979531

6

160590837789345135158912602686688008159147123469

8

160590837789345135158912602686688096056290896367

10

160590837789345135158912602686688991648185869025

12

160590837789345135158912602686695302455363104851

14

160590837789345135158912602686778667018674367125

17

383213339821864619320485981642505381060853233842

19

160590837789345135158912602688096590603316677681

21

160590837789345135158912602689265040242124118875

22

160590837789345135158912602700242790744473962317

25

160590837789345135158912602723518268226332556275

27

160590837789345135158912602745756516931452961329

28

160590837789345135158912602686688002979560772599

2

160590837789345135158912602686688002980247349897

4

160590837789345135158912602686688003106787332827

6

160590837789345135158912602686688008221321509677

8

160590837789345135158912602686688097175481270207

10

160590837789345135158912602686689002912811448529

12

160590837789345135158912602686695379957797802147

14

160590837789345135158912602686779527743028604544

17

160590837789345135158912602686880134483432332167

18

160590837789345135158912602688108182400176895332

21

160590837789345135158912602689285543402527217259

22

160590837789345135158912602700340729581181826792

25

160590837789345135158912602709405064551543199567

26

160590837789345135158912602746146894433679714657

28

